101 102 2
102 103 2
103 104 2
104 105 2
105 106 2
106 107 2
107 108 2
108 109 2
109 110 2
110 111 2
111 112 2
112 113 2
113 114 2
114 115 2
115 116 2
116 117 2
117 118 2
118 119 2
119 120 2
120 121 2
121 122 2
122 123 2
123 124 2
124 125 2
125 126 2 
126 127 2
127 128 2
128 129 2
129 130 2
130 131 2
131 132 2
132 133 2
133 134 2
134 135 2
135 136 2
136 137 2
137 138 2
138 139 2
139 140 2
201 202 2
202 203 2
203 204 2
204 205 2
205 206 2
206 207 2
207 208 2
208 209 2
209 210 2
210 211 2
211 212 2
212 213 2
213 214 2
214 215 2
215 216 2
216 217 2
217 218 2
218 219 2
219 220 2
220 221 2
221 222 2
222 223 2
223 224 2
224 225 2
225 226 2
226 227 2
227 228 2
228 229 2
229 230 2
230 231 2
231 232 2
232 233 2
233 234 2
234 235 2
235 236 2
236 237 2
237 238 2
238 239 2
239 240 2
240 241 2
241 242 2
242 243 2
301 302 2
302 303 2
303 304 2
304 305 2
305 306 2
306 307 2
307 308 2
308 309 2
309 310 2
310 311 2
311 312 2
312 313 2
313 314 2
314 315 2
315 316 2
401 402 2
402 403 2
403 404 2
404 405 2 
405 406 2
406 407 2
407 408 2
408 409 2
409 410 2
410 411 2
411 412 2
412 413 2
413 414 2
501 502 2
502 503 2
503 504 2
504 505 2
505 506 2
506 507 2
507 508 2
508 509 2
509 510 2
510 511 2
511 512 2
512 513 2
513 514 2
514 515 2
601 602 2
602 603 2
603 604 2
604 605 2
605 606 2
606 607 2
607 608 2
608 609 2
609 610 2
610 611 2
611 612 2
612 613 2
613 614 2
614 615 2
615 616 2
616 617 2
617 618 2
618 619 2
619 620 2
620 621 2
110 413 8
111 512 8
112 312 8
116 225 8
211 305 8
217 621 8
236 316 8
239 506 8
301 615 8
308 414 8
311 513 8