101 102 2
102 103 2
103 104 2
104 105 2
105 106 1
106 107 2
107 108 2
109 110 1
110 111 2
111 112 2
112 113 1
113 114 2
114 115 2
115 116 1
116 117 2
117 118 1
118 119 2
119 120 2
120 121 2
121 122 1
122 123 2
123 124 2
124 125 2
125 126 2
126 127 2
127 128 2
128 129 2
129 130 1
130 131 2
131 132 2
201 202 4
202 203 2
203 204 2
204 205 2
205 206 2
206 207 2
207 208 2
208 209 2
209 210 1
210 211 2
211 212 2
212 213 2
213 214 1
214 215 2
215 216 2
216 217 2
217 218 2
218 219 2
219 220 1
220 221 2
221 222 3
222 223 2
223 224 2
224 225 2
225 226 2
226 227 2
227 228 2
228 229 2
301 302 2
302 303 2
303 304 2
304 305 2
305 306 1
306 307 2
307 308 1
308 309 2
309 310 2
310 311 2
311 312 2
312 313 2
313 314 1
314 315 2
315 316 2
316 317 2
317 318 2
318 319 2
319 320 2
320 321 2
321 322 1
322 323 2
323 324 2
324 325 2
325 326 1
326 327 2
327 328 2
328 329 1
329 330 2
115 320 7
116 215 8
214 318 7